  
  MI                medlda                                svm                      wei  
*key[名词] top1000[48984,12265] 0.8342082239720034                          0.25   0.861              
*key[名词] all[48984,48984] 0.867                      88.353588            1     0.868
key[名词] top500[48984,12947] 0.5734141653112524      64.22489725          0.1    0.840
                                                                           0.15   0.852

key[NN_NR_L5] all[164072,164072] 0.876154184376374	  90.82823	            
key[NN_NR_L5] top500[13514,13514] 0.568	  64.466248

<===================================================================
   lkey[NN_NR_L5] all[164072,164072] 0.8826010544815466  91.599297
   
     取top                                                                            取bottom
	 1    0.8878734622144112  0.8628924324279124                                      (1-0)    0.8878734622144112
          0.8834484560272513  0.8730494626629257	 
     0.98 0.8878734622144112  0.8628924324279124                                      (1-0.02) 0.7838312829525483 0.7573376265400612
	      0.8834484560272513  0.8730494626629257                                               0.7779895954799948 0.7675247142931005
     0.95 0.8878734622144112  0.8628924324279124                                      (1-0.05) 0.7279437609841828 0.6965894678188082
	      0.8835125161411851  0.8730807419644786                                               0.7398482848117812 0.7175674992388413
     0.9 0.8878734622144112  0.8628924324279124                                       (1-0.1)  0.6611599297012303 0.628834120039178
	     0.8835125161411851  0.8730807419644786                                                0.6771588618630504 0.652102427696294
     0.8  0.8873462214411247  0.8619057750529812	                                  (1-0.2)  0.5609841827768014 0.5183163362022485
	      0.8824011145456734  0.8720330362452403                                               0.6425122170237332  0.573770480347746
	 0.5  0.8864674868189807  0.8612853576792258                                      (1-0.5)  0.34639718804920916 0.2925291147621876
	      0.8811763062698771  0.8711173001121232                                               0.4932109259556339  0.36724246718808723
	 0.2  0.884182776801406  0.8620749305176124                                       (1-0.8)  0.18172231985940246  0.12117336964748977
	      0.8793745013608854  0.8706387889103375                                               0.3732156317347117   0.18294822731078555
     0.15 0.8818980667838313  0.8622548611047633                                      (1-0.85)
	      0.8781598185824013  0.8701346653036242            
	 0.1  0.8776801405975395  0.8592864375458531                                      (1-0.9)  0.1616871704745167 0.09859882924652089  
	      0.8736224722382603  0.8663951552111728                                               0.30946105729685663 0.14954911743630575
     0.08 0.8775043936731107  0.8586932248101291                                      (1-0.92) 0.15711775043936732  0.09301908807669755
	      0.8726852733426365  0.8656327110570112                                               0.243598506775224   0.1346293913545691  
     0.05 0.8753954305799648 0.8575195487786605                                       (1-0.95) 
	      0.8684035210029796 0.8629272167762257                                                   
	 0.03 0.8715289982425307  0.8545939864689573                                      (1-0.97) 0.15043936731107205 0.07797594034976844
	      0.863195340797238   0.8588731291832364                                               0.3626536047351449  0.12835387987887503 
     0.02 0.8674868189806678  0.8501130263117601                                      (1-0.98) 0.14727592267135325	0.07545821133769652  		
          0.8582639511824052  0.8541690440995833                                               0.34966997404655237  0.12412948238754529
=======================================================================>





																			
训练速度也可以比较                                        

